0.0,325.0,926.0,383.0,692.0,316.0
325.0,0.0,933.0,971.0,215.0,989.0
926.0,933.0,0.0,846.0,502.0,922.0
383.0,971.0,846.0,0.0,557.0,251.0
692.0,215.0,502.0,557.0,0.0,506.0
316.0,989.0,922.0,251.0,506.0,0.0
