0.0,115.0,763.0,499.0,906.0,929.0,90.0
115.0,0.0,636.0,105.0,313.0,360.0,296.0
763.0,636.0,0.0,321.0,796.0,831.0,945.0
499.0,105.0,321.0,0.0,175.0,718.0,472.0
906.0,313.0,796.0,175.0,0.0,824.0,101.0
929.0,360.0,831.0,718.0,824.0,0.0,763.0
90.0,296.0,945.0,472.0,101.0,763.0,0.0
