0.0,793.0,214.0,432.0,777.0,580.0,247.0,641.0
793.0,0.0,471.0,607.0,265.0,537.0,250.0,413.0
214.0,471.0,0.0,518.0,272.0,502.0,279.0,906.0
432.0,607.0,518.0,0.0,846.0,143.0,455.0,720.0
777.0,265.0,272.0,846.0,0.0,433.0,388.0,966.0
580.0,537.0,502.0,143.0,433.0,0.0,792.0,658.0
247.0,250.0,279.0,455.0,388.0,792.0,0.0,557.0
641.0,413.0,906.0,720.0,966.0,658.0,557.0,0.0
