0.0,546.0,360.0,207.0,664.0,393.0,581.0,707.0,184.0
546.0,0.0,85.0,640.0,365.0,917.0,63.0,123.0,322.0
360.0,85.0,0.0,211.0,336.0,110.0,469.0,725.0,466.0
207.0,640.0,211.0,0.0,729.0,435.0,696.0,320.0,594.0
664.0,365.0,336.0,729.0,0.0,746.0,740.0,642.0,919.0
393.0,917.0,110.0,435.0,746.0,0.0,326.0,346.0,457.0
581.0,63.0,469.0,696.0,740.0,326.0,0.0,823.0,944.0
707.0,123.0,725.0,320.0,642.0,346.0,823.0,0.0,401.0
184.0,322.0,466.0,594.0,919.0,457.0,944.0,401.0,0.0
